Eigenvalue[0]=-5.3773383156195926347
Eigenvalue[1]=-5.0031296700373868447
Eigenvalue[2]=-4.5464088635994244214
Eigenvalue[3]=-4.3538795832610484027
Eigenvalue[4]=-3.7144913988647232372
Eigenvalue[5]=-3.4242562361791284431
Eigenvalue[6]=-3.2025440140235632569
Eigenvalue[7]=-2.8680816631924903604
Eigenvalue[8]=-2.5777310876510064475
Eigenvalue[9]=-2.1489785520881481418
Eigenvalue[10]=-1.7442187242805353709
Eigenvalue[11]=-1.2457600692083703464
Eigenvalue[12]=-0.9445600164481884331
Eigenvalue[13]=-0.47393985533573357305
Eigenvalue[14]=-0.14207992334628014031
Eigenvalue[15]=0.36798210693377797487
Eigenvalue[16]=0.57344046571523010769
Eigenvalue[17]=0.96008469636137361292
Eigenvalue[18]=1.2275509170533696057
Eigenvalue[19]=1.3686619899769250086
Eigenvalue[20]=1.9270730669323781203
Eigenvalue[21]=2.4474209768788743879
Eigenvalue[22]=2.8010138312957035822
Eigenvalue[23]=3.5494449105244938458
Eigenvalue[24]=6.8749999999999964473
alpha[0]=1.2604310638633051678
alpha[1]=2.7071844408502507839
alpha[2]=-0.84953070128826579932
alpha[3]=-1.4250311562416297928
alpha[4]=-0.7639451759651131324
alpha[5]=-0.57549922879282089383
alpha[6]=-1.1391193761621467573
alpha[7]=-0.87685341617215450949
alpha[8]=-0.47606038250592241923
alpha[9]=-0.87384340894933121291
alpha[10]=-1.7547104272168192463
alpha[11]=-1.2318891015259108013
alpha[12]=-0.31712550272043116273
alpha[13]=-1.31943115593991811
alpha[14]=-0.32581547140932298756
alpha[15]=-0.45681270270364554564
alpha[16]=-0.81939340040484720529
alpha[17]=-1.1190649854462204615
alpha[18]=-0.92119970559786734654
alpha[19]=-1.3757317770158197234
alpha[20]=-1.1288715567967690934
alpha[21]=-2.3194558820972082103
alpha[22]=-1.2187064165963770179
alpha[23]=-1.1971006622929403207
alpha[24]=-1.1521489223355734222
beta[0]=0
beta[1]=3.7923007230700291892
beta[2]=3.4066886583075528527
beta[3]=1.9246504000164310622
beta[4]=2.4736908493332934178
beta[5]=2.2340670577783403594
beta[6]=2.3133691804859219943
beta[7]=2.3860416330689511177
beta[8]=2.4387423304750148745
beta[9]=2.026784900311373594
beta[10]=2.1151044238418710286
beta[11]=2.0424415444227150829
beta[12]=1.9364914297412820776
beta[13]=1.7554603969774322803
beta[14]=1.4993721913816806524
beta[15]=1.8314425580139179761
beta[16]=1.2706885302848118791
beta[17]=1.2215323381009250969
beta[18]=1.4770632569201804785
beta[19]=1.0643294085742782684
beta[20]=1.1320193617885960791
beta[21]=1.8345503246538397146
beta[22]=1.3966938146881864302
beta[23]=1.3586904362736620389
beta[24]=1.2450809795384407686
