Eigenvalue[0]=-6.9456000700824329641
Eigenvalue[1]=-5.6105721769020462375
Eigenvalue[2]=-5.119091417544672673
Eigenvalue[3]=-4.6550089485716501514
Eigenvalue[4]=-2.9088634876535142126
Eigenvalue[5]=-2.7576017429611239251
Eigenvalue[6]=-1.6498787221271460357
Eigenvalue[7]=-1.5466715973749827207
Eigenvalue[8]=0.20366319751953054773
Eigenvalue[9]=0.61169882244416473593
Eigenvalue[10]=0.81036074308187955317
Eigenvalue[11]=0.94798294814369787886
Eigenvalue[12]=1.4551846017938743216
Eigenvalue[13]=2.818398113204011679
Eigenvalue[14]=9.6750000000000007105
alpha[0]=6.5067557695467135304
alpha[1]=-0.99274102527921526118
alpha[2]=-2.1666327925164461377
alpha[3]=-2.0605556574386247881
alpha[4]=-1.088314440262809546
alpha[5]=-1.0694540923721029824
alpha[6]=-1.3621361101307898345
alpha[7]=-2.0579514518598109873
alpha[8]=-3.0403826873222263849
alpha[9]=0.51906776184827951859
alpha[10]=-3.7084653959186120176
alpha[11]=-2.321720129451590342
alpha[12]=-0.91780096751703588165
alpha[13]=-1.7078731842912131533
alpha[14]=0.79720466593507122166
beta[0]=0
beta[1]=5.5855095372830128042
beta[2]=3.0205503498582899624
beta[3]=2.8361290141672665932
beta[4]=2.5373383452636777413
beta[5]=2.3814478719329308376
beta[6]=1.4502353502747984404
beta[7]=1.8452448288797063114
beta[8]=2.4988981130542002873
beta[9]=0.93955235768983969002
beta[10]=0.8864121799075067587
beta[11]=1.6153628567087852108
beta[12]=1.7477374709527666585
beta[13]=0.87115843225667155547
beta[14]=0.14319350091052879259
