Eigenvalue[0]=-5.9030627660522529965
Eigenvalue[1]=-4.48109128202930318
Eigenvalue[2]=-3.8725978000583021199
Eigenvalue[3]=-3.7499096649694858563
Eigenvalue[4]=-3.4197961651440240693
Eigenvalue[5]=-2.950036686188268753
Eigenvalue[6]=-2.2746162121954682789
Eigenvalue[7]=-1.883225588583408161
Eigenvalue[8]=-1.4410477110757160535
Eigenvalue[9]=-1.0858497633551922323
Eigenvalue[10]=-0.61472746726749960544
Eigenvalue[11]=0.110626777879140617
Eigenvalue[12]=0.60241015402330189143
Eigenvalue[13]=1.0801856617041338815
Eigenvalue[14]=1.5706687047082403819
Eigenvalue[15]=1.8707087913897038067
Eigenvalue[16]=2.2544848533359211906
Eigenvalue[17]=2.5473473120982221829
Eigenvalue[18]=3.5677224715078335038
Eigenvalue[19]=4.4129083731442513283
alpha[0]=0.4013872540668881328
alpha[1]=-0.58324922718115546072
alpha[2]=-0.5899258671835992951
alpha[3]=-0.63825910482546877045
alpha[4]=-1.506027105508279007
alpha[5]=-0.37247823570154636741
alpha[6]=-0.26369371914491213094
alpha[7]=-0.75661292037204896932
alpha[8]=-0.65063747414564376825
alpha[9]=-0.48032944986947573307
alpha[10]=-1.3467837420008543781
alpha[11]=-1.1761876347830302336
alpha[12]=-0.96612803378286549183
alpha[13]=-0.92485252195903022709
alpha[14]=-0.26874235119026274043
alpha[15]=-0.27735993513281953504
alpha[16]=-1.2662944926843249238
alpha[17]=-1.3625548232969453277
alpha[18]=0.25256649004007530879
alpha[19]=-0.8827351124728697318
beta[0]=0
beta[1]=2.6296978857734898405
beta[2]=2.2826097183243407862
beta[3]=2.5548423879542299098
beta[4]=2.717027894905369223
beta[5]=3.0115206794831803627
beta[6]=2.6902323946489681283
beta[7]=2.5389772076548653423
beta[8]=1.71836837577842938
beta[9]=2.0724811389666473183
beta[10]=1.5066821878166267723
beta[11]=1.3064261346511267803
beta[12]=1.2953587069600869253
beta[13]=1.52694087740028972
beta[14]=1.5191895107186501601
beta[15]=1.3916851108600702958
beta[16]=1.8020108337110158914
beta[17]=1.5353320383659951887
beta[18]=1.3420693286241767161
beta[19]=1.0668015484655186675
