Eigenvalue[0]=-6.4157243358059030669
Eigenvalue[1]=-5.562102129487533908
Eigenvalue[2]=-3.9950195955833618378
Eigenvalue[3]=-3.8766441485556146773
Eigenvalue[4]=-3.3497948454466004442
Eigenvalue[5]=-2.3931120173019690966
Eigenvalue[6]=-1.5560828108406785653
Eigenvalue[7]=-1.333165346878916635
Eigenvalue[8]=-0.9443607884133757846
Eigenvalue[9]=-0.18819561960061903516
Eigenvalue[10]=0.19507388008145068459
Eigenvalue[11]=1.2054149939047977824
Eigenvalue[12]=1.6495981033536819549
Eigenvalue[13]=2.435437493462589309
Eigenvalue[14]=4.4945173239651161623
alpha[0]=-0.93716606711071726021
alpha[1]=-2.1304493174804930433
alpha[2]=-1.9727256654234841537
alpha[3]=0.56838435249224061874
alpha[4]=-0.92933888666533748246
alpha[5]=-1.0319891598409836053
alpha[6]=0.048662754664640699154
alpha[7]=-0.49524026512280067136
alpha[8]=-1.3189271997280767046
alpha[9]=-0.34028139436050319766
alpha[10]=-1.7914032399913446536
alpha[11]=-2.377523545822821216
alpha[12]=-0.2648912640970399468
alpha[13]=-1.0991688151726823897
alpha[14]=-5.5621021294875330199
beta[0]=0
beta[1]=2.6885280140345186872
beta[2]=2.631791755553462675
beta[3]=3.313642057332738311
beta[4]=3.0466482743337994776
beta[5]=1.1268526827222424824
beta[6]=1.5590502008161206682
beta[7]=1.833352641866721866
beta[8]=1.5462730700501594594
beta[9]=1.5502922543935195865
beta[10]=1.2290578824778495282
beta[11]=1.3845003827281319175
beta[12]=0.60011088826110681183
beta[13]=0.56754023567872036171
beta[14]=9.6138610170740720505e-10
