Eigenvalue[0]=-5.8410912437873072633
Eigenvalue[1]=-5.1806653272393221599
Eigenvalue[2]=-2.4855782352683712944
Eigenvalue[3]=-2.2164426403398840293
Eigenvalue[4]=-1.7346987621242291322
Eigenvalue[5]=-1.3619275520070224239
Eigenvalue[6]=0.18003967140258281265
Eigenvalue[7]=1.9621598722154116601
Eigenvalue[8]=2.7975388899088202699
alpha[0]=-1.5025055621628065072
alpha[1]=0.44040693860194340958
alpha[2]=-3.6070227675668888878
alpha[3]=-0.59514102686485992333
alpha[4]=0.10065995316020806549
alpha[5]=0.059440822252181585439
alpha[6]=-1.8900980862521477022
alpha[7]=-1.7057402711676312723
alpha[8]=-5.1806653272393203835
beta[0]=0
beta[1]=1.5184562407094137626
beta[2]=2.4667407698604844057
beta[3]=2.3642990689771328228
beta[4]=1.644355633983737075
beta[5]=1.612107980844323496
beta[6]=0.54831942416027479315
beta[7]=0.38862828420638995119
beta[8]=7.8755786236874203383e-13
