Eigenvalue[0]=-3.0988327681894247689
Eigenvalue[1]=-1.6291095181511745515
Eigenvalue[2]=-0.65753463353732044538
Eigenvalue[3]=1.2308845726811985521
alpha[0]=-1.1110966134085666912
alpha[1]=-0.4847457630730939715
alpha[2]=-1.901215337177739384
alpha[3]=-0.65753463353732044538
beta[0]=0
beta[1]=1.7470091606230169212
beta[2]=1.1365789164271034029
beta[3]=1.9197080469819177156e-15
