Eigenvalue[0]=-4.5136497768998831148
Eigenvalue[1]=-4.309143761707654896
Eigenvalue[2]=-4.2733158861577882348
Eigenvalue[3]=-2.3908215638274032955
Eigenvalue[4]=-2.3114983947387122143
Eigenvalue[5]=-1.7389644200490701476
Eigenvalue[6]=-1.4750346744649429631
Eigenvalue[7]=-1.3440554715115522466
Eigenvalue[8]=-1.0073724902835055062
Eigenvalue[9]=-0.27611101045705238599
Eigenvalue[10]=-0.064803117772130630625
Eigenvalue[11]=1.2508049044312361531
Eigenvalue[12]=1.3011797705126291191
Eigenvalue[13]=1.7863151203167961789
Eigenvalue[14]=2.4176505431216614994
Eigenvalue[15]=3.9488200279198606424
Eigenvalue[16]=3.948820229487371769
alpha[0]=-0.15499892675406845566
alpha[1]=0.15720454064604746924
alpha[2]=-0.72939341901380816413
alpha[3]=-0.10786041580044085364
alpha[4]=-1.1051909208834216347
alpha[5]=-0.4257453260109526072
alpha[6]=-1.7112841501500368757
alpha[7]=-0.96982141866643389871
alpha[8]=0.41907235115156088456
alpha[9]=-0.49050421299750368576
alpha[10]=-3.447846729538264654
alpha[11]=-0.9435813580886001084
alpha[12]=-0.065702679470402147732
alpha[13]=-0.22177902957514633586
alpha[14]=-1.836202607397475095
alpha[15]=-1.3663656974510483
alpha[16]=3.948820027919853537
beta[0]=0
beta[1]=2.9348193161338604895
beta[2]=2.4993468613722908955
beta[3]=1.9436265635959548703
beta[4]=1.0252303199112506871
beta[5]=1.3149813760849486943
beta[6]=2.436856603545066946
beta[7]=1.8728600026837718406
beta[8]=1.1062219977916101232
beta[9]=1.4803091056623582933
beta[10]=1.3958090816498376352
beta[11]=0.90620525402746943122
beta[12]=1.0301131141814916514
beta[13]=0.98316966793885940401
beta[14]=0.92578354753628810947
beta[15]=0.12954354122250882897
beta[16]=1.7264039495524743072e-07
