Eigenvalue[0]=-3.8556417248355927541
Eigenvalue[1]=-3.7421154028034155914
Eigenvalue[2]=-1.8399907551342209455
Eigenvalue[3]=-1.8277610991946233732
Eigenvalue[4]=-0.74400400822554302316
Eigenvalue[5]=0.2250000000000002276
Eigenvalue[6]=1.0749999999999999556
Eigenvalue[7]=1.084694177339371457
alpha[0]=-0.28511333622658058262
alpha[1]=-2.0581994027842247519
alpha[2]=-1.1579727375686028612
alpha[3]=-0.52338749684369145765
alpha[4]=-1.18095030303523707
alpha[5]=-3.6754798841196825165
alpha[6]=1.0840454469186171504
alpha[7]=-1.8277610991946222629
beta[0]=0
beta[1]=1.1267551860217410731
beta[2]=1.7370536780670036148
beta[3]=1.0113140159222560044
beta[4]=0.94631611792165493124
beta[5]=0.6186120804224384262
beta[6]=0.046326039518564857134
beta[7]=2.0340285998214726913e-13
