Eigenvalue[0]=-4.3091437617076540079
Eigenvalue[1]=-3.9926649875239541565
Eigenvalue[2]=-3.5259220687804688765
Eigenvalue[3]=-2.3908215638274032955
Eigenvalue[4]=-2.2457089982884208545
Eigenvalue[5]=-1.7856847801275326226
Eigenvalue[6]=-1.4750346744649434072
Eigenvalue[7]=-1.2028380390544402001
Eigenvalue[8]=-1.1431110113795011074
Eigenvalue[9]=-0.22862076876084064248
Eigenvalue[10]=0.077084143968027193927
Eigenvalue[11]=0.58990778449692737873
Eigenvalue[12]=1.2075587254502069268
Eigenvalue[13]=1.5969485827321525662
Eigenvalue[14]=3.8530514112550342531
Eigenvalue[15]=3.8530514172678471674
alpha[0]=2.3790720142427428385
alpha[1]=-0.83095288400248756844
alpha[2]=-0.91057194890426074174
alpha[3]=-1.0374222890627982085
alpha[4]=-1.543886180950485576
alpha[5]=-2.088073696057343831
alpha[6]=-1.363792716683934314
alpha[7]=-1.5864401895366695427
alpha[8]=-2.0260067908220587007
alpha[9]=-0.99557040449450306951
alpha[10]=-0.18633546657597416241
alpha[11]=-0.32575909949208220473
alpha[12]=-1.4749492727620077126
alpha[13]=-1.780026977647137576
alpha[14]=-1.2042840972504216257
alpha[15]=3.8530514112544578254
beta[0]=0
beta[1]=2.3379927348619244931
beta[2]=1.9272699173769669567
beta[3]=2.1057371471654429129
beta[4]=1.1172560796603405731
beta[5]=1.6198523718309685293
beta[6]=1.0131899915963573644
beta[7]=1.268720939529326186
beta[8]=1.5587007722952568312
beta[9]=1.0928117044917353695
beta[10]=1.291424707333253874
beta[11]=0.68034553017791621343
beta[12]=0.83393947679590973987
beta[13]=0.50188979200602656938
beta[14]=0.10742029228514669847
beta[15]=1.7093503644389481835e-06
