Eigenvalue[0]=-4.960122302418828788
Eigenvalue[1]=-4.0541569934978625156
Eigenvalue[2]=-2.4415495991485163252
Eigenvalue[3]=-2.0936467100059803492
Eigenvalue[4]=-1.2218642872483236328
Eigenvalue[5]=-0.74517965315934064918
Eigenvalue[6]=-0.72573401764655853796
Eigenvalue[7]=0.044032581905357269514
Eigenvalue[8]=0.094131623625468494043
Eigenvalue[9]=1.4595347708744361714
Eigenvalue[10]=2.362062736230614135
Eigenvalue[11]=2.9695545867201484924
alpha[0]=-0.73524295023760533052
alpha[1]=-1.6118563593713939319
alpha[2]=0.14011749571323106611
alpha[3]=-1.4220208207001467926
alpha[4]=-1.9053121406895676682
alpha[5]=-0.78938837189077448731
alpha[6]=-1.4004027035247577082
alpha[7]=-1.2849302086277003543
alpha[8]=-1.7244263604506755438
alpha[9]=-0.21553875269296607353
alpha[10]=-0.72599882752764433036
alpha[11]=2.3620627362306123587
beta[0]=0
beta[1]=1.815441439187163164
beta[2]=2.7069963950844320166
beta[3]=1.6076429593571675003
beta[4]=2.2864472748775939159
beta[5]=1.7895815541718480546
beta[6]=1.2818322733774798472
beta[7]=0.48832389793423941482
beta[8]=0.37658102233949647397
beta[9]=0.70416199251360778177
beta[10]=0.066931724379188151097
beta[11]=1.5062262666275738982e-09
