Eigenvalue[0]=-5.2045133473640809996
Eigenvalue[1]=-3.8096922541337394641
Eigenvalue[2]=-3.4086608908316438082
Eigenvalue[3]=-2.7044940612500281141
Eigenvalue[4]=-2.630772526518834642
Eigenvalue[5]=-1.8581792373971002252
Eigenvalue[6]=-1.5486690087568792951
Eigenvalue[7]=-0.91498383278723482981
Eigenvalue[8]=-0.69872548917030286031
Eigenvalue[9]=-0.079852322668911263071
Eigenvalue[10]=-0.067441640178914838422
Eigenvalue[11]=0.54550325107612596121
Eigenvalue[12]=1.1416074339218913458
Eigenvalue[13]=1.5609316397238681695
Eigenvalue[14]=2.9341055833664491104
Eigenvalue[15]=4.9438367029741430159
alpha[0]=0.28751383651870127123
alpha[1]=0.41059935020330412536
alpha[2]=0.65275185955875003607
alpha[3]=-0.68032202896560867167
alpha[4]=-0.59734584245027166904
alpha[5]=-1.5060454138312140415
alpha[6]=-1.091439249573900705
alpha[7]=-1.053402902050719403
alpha[8]=-0.50034234971749791399
alpha[9]=-1.7234446937589191773
alpha[10]=-0.83465473587137750666
alpha[11]=-0.40544122898967377422
alpha[12]=-1.5990911897330564173
alpha[13]=-2.0355642801076694326
alpha[14]=-1.0224933339529156395
alpha[15]=-0.10127779727312256897
beta[0]=0
beta[1]=2.7168133315408473649
beta[2]=2.3622478290202537643
beta[3]=3.0908288557493732718
beta[4]=2.8523843160114510376
beta[5]=1.8401711792955848246
beta[6]=1.9097543848510154518
beta[7]=1.3005669758262978775
beta[8]=1.1584497772313238073
beta[9]=1.4400539970780512622
beta[10]=1.3923004903860756176
beta[11]=0.96727528311583688136
beta[12]=0.76375467688352227658
beta[13]=0.64530294740547045063
beta[14]=0.47397079909475797743
beta[15]=0.15291480500677503973
