Eigenvalue[0]=-5.756684675081964464
Eigenvalue[1]=-5.5460605218268828054
Eigenvalue[2]=-4.8534891707661138582
Eigenvalue[3]=-3.8668074916070351854
Eigenvalue[4]=-3.6063998765201912278
Eigenvalue[5]=-2.8776782121275132909
Eigenvalue[6]=-2.6877406426583498877
Eigenvalue[7]=-2.5285413398507268212
Eigenvalue[8]=-1.9085801452009993895
Eigenvalue[9]=-1.5583916215498965219
Eigenvalue[10]=-1.2043848990293961609
Eigenvalue[11]=-0.78418354045998761581
Eigenvalue[12]=0.24444275886688499044
Eigenvalue[13]=0.41106625708041011347
Eigenvalue[14]=0.6557455693032041566
Eigenvalue[15]=1.0200837790087036172
Eigenvalue[16]=1.4964149264626833702
Eigenvalue[17]=1.9875929572906554377
Eigenvalue[18]=2.5042743117242136641
Eigenvalue[19]=3.4357910388352843611
Eigenvalue[20]=5.3749999999999946709
alpha[0]=1.9089083848916417185
alpha[1]=-0.74222296777331664419
alpha[2]=-1.1772511918879173809
alpha[3]=-0.52444994412102552417
alpha[4]=-0.30622842135411409981
alpha[5]=-0.97386709671277327249
alpha[6]=-0.79628590766342077778
alpha[7]=-1.5829108942301299834
alpha[8]=-2.2193531777514161618
alpha[9]=-0.28967901557914810251
alpha[10]=-2.2710944848673961793
alpha[11]=-1.5202006578527975655
alpha[12]=-0.70023358737748120362
alpha[13]=-1.5196279634610283527
alpha[14]=-0.76690186812384442128
alpha[15]=-1.3605307200123621936
alpha[16]=-0.89782173779920515511
alpha[17]=-0.78274809509302878396
alpha[18]=-1.3949563990343367692
alpha[19]=-0.89997430134421951831
alpha[20]=-1.2311004909597038637
beta[0]=0
beta[1]=3.9615442071178930128
beta[2]=2.8422428399967474277
beta[3]=2.7362594663145207718
beta[4]=1.9468274923952104682
beta[5]=2.2575957970141180553
beta[6]=2.371550990752506749
beta[7]=2.6297463711871129632
beta[8]=2.0610542860592961922
beta[9]=1.9360223671929124301
beta[10]=1.9523040119281440674
beta[11]=2.1667951243476584189
beta[12]=1.4612006881533492475
beta[13]=1.1834594046308009041
beta[14]=1.4714168995284404584
beta[15]=1.4987575126300665129
beta[16]=1.2428784882860257621
beta[17]=1.4600683735762383098
beta[18]=0.65113283492074092162
beta[19]=0.7724291075629041714
beta[20]=1.2635826381341903613
