Eigenvalue[0]=-7.9641119758173921639
Eigenvalue[1]=-7.6097618896154619605
Eigenvalue[2]=-7.0468074427029661067
Eigenvalue[3]=-6.8711137391096972493
Eigenvalue[4]=-6.7080994599511933885
Eigenvalue[5]=-6.290284576839273889
Eigenvalue[6]=-6.1419104252376044428
Eigenvalue[7]=-5.7861726927016423616
Eigenvalue[8]=-5.4796995738298175382
Eigenvalue[9]=-5.0776450808303517093
Eigenvalue[10]=-4.7738261037521221297
Eigenvalue[11]=-4.207503190706633589
Eigenvalue[12]=-3.7472564674762507408
Eigenvalue[13]=-3.1964479503808602701
Eigenvalue[14]=-2.6852772299325877725
Eigenvalue[15]=-2.16712236530920066
Eigenvalue[16]=-1.666308195108324508
Eigenvalue[17]=-1.0454122467936581842
Eigenvalue[18]=-0.55287202361778498005
Eigenvalue[19]=-0.0033719333264241630084
Eigenvalue[20]=0.50730676397776175435
Eigenvalue[21]=1.0957322075690005825
Eigenvalue[22]=1.6283641091180292015
Eigenvalue[23]=2.1214755465222223663
Eigenvalue[24]=2.6447333204477163626
Eigenvalue[25]=3.1476815013370837981
Eigenvalue[26]=3.6564607790486780559
Eigenvalue[27]=4.1044785647231716297
Eigenvalue[28]=4.4962396344156703165
Eigenvalue[29]=4.9976135787196289684
Eigenvalue[30]=5.373515151943865753
Eigenvalue[31]=5.5330089650032530102
Eigenvalue[32]=5.7194847708757636795
Eigenvalue[33]=6.0891149119635814557
Eigenvalue[34]=6.2956228049955056392
Eigenvalue[35]=7.1371994912676992584
Eigenvalue[36]=7.5722689463872967508
Eigenvalue[37]=8.7599476544247298904
alpha[0]=1.3482925854635396945
alpha[1]=2.4170829228587589199
alpha[2]=-0.0089912578522332829711
alpha[3]=1.6085755922793845141
alpha[4]=0.26716441458479106563
alpha[5]=-0.56420898183541223769
alpha[6]=0.25692698121634571784
alpha[7]=-0.3877896439154645547
alpha[8]=-0.65412450557045920263
alpha[9]=0.11548823213246295349
alpha[10]=0.37584244829751051187
alpha[11]=-0.16314313773808084007
alpha[12]=-0.039695807387532616728
alpha[13]=0.5161903828928345872
alpha[14]=-0.55266973926162044073
alpha[15]=-1.5243941605987161303
alpha[16]=-0.98472887047020374318
alpha[17]=-1.083961717057375429
alpha[18]=-0.48076189851397815866
alpha[19]=-0.43988334368978249111
alpha[20]=-0.17361054794364735865
alpha[21]=-1.0706897638066161793
alpha[22]=-0.36659470259642196188
alpha[23]=-0.24019389838121968372
alpha[24]=0.12902148435393354098
alpha[25]=-0.37756112884864428958
alpha[26]=-0.66220005898042033632
alpha[27]=-0.8849909871679789708
alpha[28]=-0.83513209102401797512
alpha[29]=-0.54412308860098457242
alpha[30]=-0.33816542136427274468
alpha[31]=-0.037598257591266899535
alpha[32]=-0.55068505451597238309
alpha[33]=-0.44484900802526283758
alpha[34]=-0.44593784829096683175
alpha[35]=-0.36862464915776432806
alpha[36]=-0.3452979632397829568
alpha[37]=-0.6047333709520494871
beta[0]=0
beta[1]=4.2855567131363949684
beta[2]=4.1971340353631099163
beta[3]=4.0383683161695813624
beta[4]=4.4024542160209891861
beta[5]=4.0634848220808752473
beta[6]=4.1490109977718470091
beta[7]=4.3268826048135569096
beta[8]=3.7628349655990218636
beta[9]=3.7648460474232932071
beta[10]=4.0487082059736758666
beta[11]=3.8244379637844145847
beta[12]=3.6806640314716685403
beta[13]=4.0060226615369263214
beta[14]=3.9002704751197052602
beta[15]=3.6816782007084332129
beta[16]=3.4615740495041156244
beta[17]=3.0259085534142715623
beta[18]=3.1568753503304556318
beta[19]=3.2969173339709083592
beta[20]=3.6396902224090879052
beta[21]=3.463154929129135251
beta[22]=3.3857584954812711686
beta[23]=2.9972822169418065208
beta[24]=3.2214176772640792379
beta[25]=3.348376425498601261
beta[26]=3.4804236176760721122
beta[27]=3.2410022432387530777
beta[28]=3.0461806466365954904
beta[29]=3.0398961954368490801
beta[30]=3.3509513992477670818
beta[31]=3.0194076481623435271
beta[32]=3.1657511298934855049
beta[33]=3.152554707733556949
beta[34]=2.9549690501013419208
beta[35]=2.8843364034956699982
beta[36]=3.2688781910730524416
beta[37]=3.3784701045077789594
