Eigenvalue[0]=-8.6177743714421275456
Eigenvalue[1]=-8.1867882279559456293
Eigenvalue[2]=-7.2392662219713717064
Eigenvalue[3]=-6.6908375260705756915
Eigenvalue[4]=-6.4564097131852982159
Eigenvalue[5]=-6.0296856667351175219
Eigenvalue[6]=-5.715805427946429873
Eigenvalue[7]=-5.1760481897246668481
Eigenvalue[8]=-4.7937478230516639144
Eigenvalue[9]=-4.1300981162899574883
Eigenvalue[10]=-3.3812482102361225422
Eigenvalue[11]=-2.7502046554724666194
Eigenvalue[12]=-2.0664123530099329784
Eigenvalue[13]=-1.5009374164702178334
Eigenvalue[14]=-0.7907522383756381279
Eigenvalue[15]=-0.26924585470338369131
Eigenvalue[16]=0.42034422469603249795
Eigenvalue[17]=1.406084435285806844
Eigenvalue[18]=1.7989302409559300155
Eigenvalue[19]=2.5573098454435752025
Eigenvalue[20]=2.8785231283078949183
Eigenvalue[21]=3.5540079402822701837
Eigenvalue[22]=3.8693706593761882928
Eigenvalue[23]=4.5784470613173606779
Eigenvalue[24]=4.9679660292645628772
Eigenvalue[25]=5.1835264024109024561
Eigenvalue[26]=5.5412553345551662787
Eigenvalue[27]=6.2862489984362657225
Eigenvalue[28]=8.8848709038589532838
alpha[0]=1.9293976711033808957
alpha[1]=0.43418444346844714543
alpha[2]=0.53847127083379719981
alpha[3]=0.9599737356220371387
alpha[4]=-1.8589696828628743397
alpha[5]=-0.91179681010430935206
alpha[6]=-1.5050277988708256061
alpha[7]=-0.432765925822127695
alpha[8]=-1.3623259574816091177
alpha[9]=-1.6037043852938768218
alpha[10]=-1.0623596272011490704
alpha[11]=0.23737514785746252621
alpha[12]=-1.3977204419580124828
alpha[13]=-1.9791945814212328347
alpha[14]=-0.92382113100742013767
alpha[15]=-1.5879333024722241952
alpha[16]=-1.4754042258696633549
alpha[17]=0.20590023365581308634
alpha[18]=-0.80793379021170785848
alpha[19]=-1.3557151008572241313
alpha[20]=-0.55039751826895877418
alpha[21]=-0.66058232430177166172
alpha[22]=-0.55510528443873619064
alpha[23]=-0.94677866870664284527
alpha[24]=-1.2982410856840909119
alpha[25]=-0.44780322404510819467
alpha[26]=-1.3219910319596754888
alpha[27]=-1.2027290925400710986
alpha[28]=-0.92537831961163208305
beta[0]=0
beta[1]=4.0254745302482994873
beta[2]=4.2018913005473041977
beta[3]=5.5389713126648487673
beta[4]=4.6238138245907203228
beta[5]=3.5641493598600435533
beta[6]=3.1903437289147276168
beta[7]=3.8815541783997487002
beta[8]=3.9260902574981879631
beta[9]=3.3370423475252257717
beta[10]=4.1918564315474799997
beta[11]=3.8737217585627505834
beta[12]=3.64747864607301997
beta[13]=3.2350942628257985945
beta[14]=3.1470306772295657538
beta[15]=2.8791189635807015179
beta[16]=2.9517909523448908615
beta[17]=2.8525062325224341819
beta[18]=3.2806662659260896753
beta[19]=2.5811855326270669586
beta[20]=3.1300403800054965586
beta[21]=3.1791117445676375652
beta[22]=3.2997558910948381339
beta[23]=2.9551506072190147911
beta[24]=2.6719068429731023251
beta[25]=2.7343870245147154918
beta[26]=2.4224472001789427722
beta[27]=2.9932178064225474223
beta[28]=2.8284926759358626214
