Eigenvalue[0]=-8.7379389837891352499
Eigenvalue[1]=-7.8591588274241930279
Eigenvalue[2]=-7.1337222344054929124
Eigenvalue[3]=-6.5847550496448272739
Eigenvalue[4]=-6.212857657619294649
Eigenvalue[5]=-5.8897044015994541866
Eigenvalue[6]=-5.3644445177535340363
Eigenvalue[7]=-4.8342182808253593151
Eigenvalue[8]=-4.3210293525126841629
Eigenvalue[9]=-3.6676672271108046175
Eigenvalue[10]=-2.9551728031862181112
Eigenvalue[11]=-2.1339704690273917365
Eigenvalue[12]=-1.4330605505739320016
Eigenvalue[13]=-0.67596887899403090838
Eigenvalue[14]=-0.026026924558298306783
Eigenvalue[15]=0.76620847280497250686
Eigenvalue[16]=1.4052860101309359031
Eigenvalue[17]=2.1854217778503399749
Eigenvalue[18]=2.7593563894848198714
Eigenvalue[19]=3.4700548869726786094
Eigenvalue[20]=4.0050531721134747798
Eigenvalue[21]=4.6455883571879077465
Eigenvalue[22]=4.9210527421492722411
Eigenvalue[23]=5.0100120465152935267
Eigenvalue[24]=5.7024407156921990136
Eigenvalue[25]=6.1774689479829918426
Eigenvalue[26]=8.9979923993147217232
alpha[0]=2.4258505483116938883
alpha[1]=0.17073123000117146342
alpha[2]=0.69191038604927124211
alpha[3]=0.81097093695975330796
alpha[4]=-2.2642657056654225123
alpha[5]=-1.1200016237319339041
alpha[6]=-1.345671228878798642
alpha[7]=-0.13101315701779650547
alpha[8]=-0.79353111916683582994
alpha[9]=-1.56983423928399346
alpha[10]=-0.90426133216768422862
alpha[11]=0.11122860119271749113
alpha[12]=-0.71448590443878068346
alpha[13]=-1.5212189208659037121
alpha[14]=-1.5516198698553156365
alpha[15]=-1.4622306940588214452
alpha[16]=-1.01025843571154339
alpha[17]=-0.67853802854654021726
alpha[18]=-1.1483172678454782734
alpha[19]=-0.74726615537367391262
alpha[20]=-1.5403563157655213445
alpha[21]=-0.2099301733902110001
alpha[22]=-0.68937562466595803112
alpha[23]=-1.3083776907891253583
alpha[24]=-0.0057743622342673068398
alpha[25]=0.083747521780975747729
alpha[26]=-1.361871615667021862
beta[0]=0
beta[1]=4.3315683539813836234
beta[2]=4.6108764004454370067
beta[3]=5.3745438519168029501
beta[4]=4.5178912301579545741
beta[5]=3.683880769920841125
beta[6]=3.4477955524904091433
beta[7]=3.4705911180934565508
beta[8]=3.4010260964391094696
beta[9]=2.9284782801074196179
beta[10]=3.6555777834916409752
beta[11]=3.6014255734803111153
beta[12]=3.8804317809847543863
beta[13]=3.6685493776098998531
beta[14]=3.4083695511758489438
beta[15]=3.1014917902825440699
beta[16]=3.5007607701408534062
beta[17]=3.0876549276663136645
beta[18]=2.757466671741575226
beta[19]=2.6033742041992034011
beta[20]=2.7011879678703780705
beta[21]=2.7916270376155387645
beta[22]=2.925846317079253911
beta[23]=2.7626805283154234338
beta[24]=2.8631668721957868051
beta[25]=3.0170021047565676042
beta[26]=3.1073960549249002305
