Eigenvalue[0]=-8.5760497166868976393
Eigenvalue[1]=-6.6805251696934107031
Eigenvalue[2]=-6.3440287667043682163
Eigenvalue[3]=-6.0518767445318681908
Eigenvalue[4]=-5.5621586318355484835
Eigenvalue[5]=-5.0493346684732287599
Eigenvalue[6]=-4.5154993009049340102
Eigenvalue[7]=-3.6468241616526286819
Eigenvalue[8]=-2.8527372902783354469
Eigenvalue[9]=-2.2112489082731392465
Eigenvalue[10]=-1.2866998401718874323
Eigenvalue[11]=-0.50152643862355628102
Eigenvalue[12]=0.39179548711005973693
Eigenvalue[13]=1.1656388288632770767
Eigenvalue[14]=1.9118397743404513811
Eigenvalue[15]=2.9644167338027305192
Eigenvalue[16]=3.4847642412717885207
Eigenvalue[17]=3.9028208536936426221
Eigenvalue[18]=4.4420018453136966841
Eigenvalue[19]=4.8269604125054277333
Eigenvalue[20]=6.1347546816228319955
Eigenvalue[21]=7.8168528747833398995
Eigenvalue[22]=13.800000000000004263
alpha[0]=9.6547156797976256826
alpha[1]=1.2358092597486503017
alpha[2]=-2.3412197949441502232
alpha[3]=-0.9643553864848734003
alpha[4]=-0.83625327164712448536
alpha[5]=0.45764067653386791834
alpha[6]=0.43262650266560553902
alpha[7]=0.84571855714735433285
alpha[8]=0.7002579550902725547
alpha[9]=0.10155131868850064691
alpha[10]=-0.57941904649367548252
alpha[11]=-1.0534312014913360667
alpha[12]=-1.1801076869340250131
alpha[13]=-1.2600429589399002595
alpha[14]=-0.73624281458556195545
alpha[15]=-0.5848545493539630824
alpha[16]=-0.45600227838981366446
alpha[17]=-0.29967638255067319264
alpha[18]=-0.93312854310487114429
alpha[19]=-1.0288032764142684972
alpha[20]=-1.2536412175980904404
alpha[21]=-0.494100226267388698
alpha[22]=-1.8637052189947218572
beta[0]=0
beta[1]=6.8998063944529839375
beta[2]=4.0015183693358000738
beta[3]=4.1997698711097166679
beta[4]=4.1210516181128644675
beta[5]=4.0919890334012496425
beta[6]=3.9367106840620800234
beta[7]=3.740546567325150118
beta[8]=4.4347741185178888301
beta[9]=3.1773642916994395691
beta[10]=2.8606997928332198455
beta[11]=3.2201736794872997116
beta[12]=2.7065304867286057444
beta[13]=2.743424835845776677
beta[14]=2.7948810031483977134
beta[15]=3.0236659422777800721
beta[16]=2.6946337795319901254
beta[17]=3.0061419602413375074
beta[18]=2.7611481871057073079
beta[19]=2.6168305079743632291
beta[20]=2.7170223198138532261
beta[21]=2.8220790739430761107
beta[22]=2.8225425587716688192
