Eigenvalue[0]=-5.3950989632382686523
Eigenvalue[1]=-5.0860139831024167023
Eigenvalue[2]=-4.8309837736808445285
Eigenvalue[3]=-4.5444573237554513057
Eigenvalue[4]=-3.9025518495219522208
Eigenvalue[5]=-3.8215588821096981853
Eigenvalue[6]=-3.7089468813938291092
Eigenvalue[7]=-3.1965504050222115495
Eigenvalue[8]=-2.9953565458047375358
Eigenvalue[9]=-2.5409269999945141016
Eigenvalue[10]=-2.3317338819583750542
Eigenvalue[11]=-1.9040159884915190958
Eigenvalue[12]=-1.580174105135549345
Eigenvalue[13]=-1.1969981260918931554
Eigenvalue[14]=-0.81122221603771926812
Eigenvalue[15]=-0.48460956855487247186
Eigenvalue[16]=-0.065087625082442784885
Eigenvalue[17]=0.33695831164878314867
Eigenvalue[18]=0.6884128972255858514
Eigenvalue[19]=0.92619597152650401384
Eigenvalue[20]=1.2091927480169524234
Eigenvalue[21]=1.5264391806489092662
Eigenvalue[22]=1.67734887514455977
Eigenvalue[23]=2.0446100415965027253
Eigenvalue[24]=2.543119973355562724
Eigenvalue[25]=2.8141165556501146483
Eigenvalue[26]=3.4338835506868123915
Eigenvalue[27]=4.3372372271380914555
Eigenvalue[28]=5.6500260449742736313
alpha[0]=0.084270153175648898625
alpha[1]=0.26776575079048220429
alpha[2]=1.0034234312574217274
alpha[3]=-0.014100833536426059939
alpha[4]=0.0074132414183950938458
alpha[5]=-0.5815154256912131725
alpha[6]=-0.24171893706030986304
alpha[7]=0.16823790571518359993
alpha[8]=-0.99825971608667729562
alpha[9]=-1.2384592171589172693
alpha[10]=-1.1815875764212695476
alpha[11]=-0.92367828847037236617
alpha[12]=-1.301982915838892918
alpha[13]=-0.74089844871247656499
alpha[14]=-0.84777820523698421695
alpha[15]=-1.008334221094276506
alpha[16]=-1.7465729130517289036
alpha[17]=-1.0959697829870993502
alpha[18]=-1.0355534517228299762
alpha[19]=-0.92665372613926344503
alpha[20]=-0.11588374056867831174
alpha[21]=-1.2010072739627635219
alpha[22]=-1.4324765081857522286
alpha[23]=-0.68914616857654509285
alpha[24]=-1.1197666544211337669
alpha[25]=-1.3711947073370820416
alpha[26]=-1.375027264592966425
alpha[27]=-0.61066733301278230961
alpha[28]=-0.94162291385433305457
beta[0]=0
beta[1]=2.3957111979528189494
beta[2]=3.3281289579977237914
beta[3]=2.6845471205470947673
beta[4]=3.0764965553621643757
beta[5]=2.6633052085907347184
beta[6]=2.2310837826033096398
beta[7]=2.6869871632953454821
beta[8]=2.6342013762355445117
beta[9]=2.4071868131690878911
beta[10]=1.8939612964539256357
beta[11]=2.2880349494176903669
beta[12]=2.0732470462096461716
beta[13]=2.201488671914229478
beta[14]=1.80034718780441505
beta[15]=1.444955793618114992
beta[16]=2.1477755611438942296
beta[17]=1.955949905025230473
beta[18]=1.7993447507422901666
beta[19]=2.0016181492460685121
beta[20]=1.7958261163625719448
beta[21]=1.4938578134399951303
beta[22]=1.1373452342340217847
beta[23]=1.1412447127967588756
beta[24]=1.5481919420803738063
beta[25]=1.5764857028824805774
beta[26]=1.3713474054206831187
beta[27]=1.1780022309111872758
beta[28]=1.2504907989357625375
