Eigenvalue[0]=-7.1286875826963980174
Eigenvalue[1]=-6.5530188649172682602
Eigenvalue[2]=-6.3970436859940607022
Eigenvalue[3]=-6.2234083163472515565
Eigenvalue[4]=-5.9877497816969436073
Eigenvalue[5]=-5.7964836524202949519
Eigenvalue[6]=-5.5941492464052569034
Eigenvalue[7]=-5.3329394782254295748
Eigenvalue[8]=-4.9797684769740850896
Eigenvalue[9]=-4.5810603599177932566
Eigenvalue[10]=-4.2724106069509275585
Eigenvalue[11]=-3.7444280101233964331
Eigenvalue[12]=-3.2507576736788608152
Eigenvalue[13]=-2.8463317266325298682
Eigenvalue[14]=-2.40451991802763132
Eigenvalue[15]=-1.9847265061830203781
Eigenvalue[16]=-1.4056900846603042066
Eigenvalue[17]=-0.90534140270221608038
Eigenvalue[18]=-0.42714458036336294677
Eigenvalue[19]=0.091015438911532062227
Eigenvalue[20]=0.56671637505348848585
Eigenvalue[21]=1.0458497733442715383
Eigenvalue[22]=1.5652669125551110785
Eigenvalue[23]=2.044829595640401898
Eigenvalue[24]=2.404333419388098303
Eigenvalue[25]=2.9049215596974051756
Eigenvalue[26]=3.3340026166395038132
Eigenvalue[27]=3.5630753711199485423
Eigenvalue[28]=3.9700050812834932756
Eigenvalue[29]=4.4846387135395140433
Eigenvalue[30]=4.6675149660939814211
Eigenvalue[31]=4.910828558111424158
Eigenvalue[32]=5.0247370323569056083
Eigenvalue[33]=5.5925384001887055163
Eigenvalue[34]=5.9605806106984076109
Eigenvalue[35]=6.8999999999999994671
Eigenvalue[36]=8.6785646670680698378
alpha[0]=0.94672102551984083085
alpha[1]=0.034701976930855575609
alpha[2]=-0.56945257674564975225
alpha[3]=1.9881105553305231659
alpha[4]=1.4547214072236267501
alpha[5]=0.33101519023957348686
alpha[6]=0.50881232582694568833
alpha[7]=-0.55951799510859101527
alpha[8]=-0.41421864866363061752
alpha[9]=0.60583276224474691407
alpha[10]=0.90024415261400003718
alpha[11]=-0.75887016866198653275
alpha[12]=-0.30519254034633608308
alpha[13]=-0.48164185417116089916
alpha[14]=0.00380765158296591643
alpha[15]=-0.24756384909357462276
alpha[16]=-0.14857172206369492762
alpha[17]=-0.80397967240883760898
alpha[18]=-0.51933279850354974183
alpha[19]=-0.73319843384463556646
alpha[20]=-1.1844575982332130604
alpha[21]=-1.698705819514906068
alpha[22]=-0.82773580194490181672
alpha[23]=-0.75808116902205024967
alpha[24]=-0.31468426939832777611
alpha[25]=-0.67485425236911622537
alpha[26]=-0.71144175849479407425
alpha[27]=-0.79606392438778905696
alpha[28]=-0.86017173006119695966
alpha[29]=-1.3193644906257222527
alpha[30]=-0.58838048672698195496
alpha[31]=-0.95056313762451738469
alpha[32]=-0.332003676581250462
alpha[33]=-0.42214809323241353489
alpha[34]=-0.5881182168240660646
alpha[35]=-0.52220042184026949084
alpha[36]=-0.78969280424669086038
beta[0]=0
beta[1]=3.7997257984119747753
beta[2]=3.269507385346417383
beta[3]=3.6254887449919159792
beta[4]=4.732055585674534548
beta[5]=4.0056258989134247983
beta[6]=3.8888142435168631117
beta[7]=3.8769478471017988497
beta[8]=3.5621118264108604379
beta[9]=3.4110239338777503804
beta[10]=3.7569871367164089371
beta[11]=3.6840832253174733424
beta[12]=2.7744024877271473706
beta[13]=2.8555717491620757897
beta[14]=3.2589880050577759718
beta[15]=3.3399663245058648364
beta[16]=2.9982218540041705168
beta[17]=2.9849254584750721797
beta[18]=3.2848225118466420902
beta[19]=2.6547757024074338794
beta[20]=2.8729478440717608478
beta[21]=2.7446496534669857503
beta[22]=2.5388105515013110747
beta[23]=2.9148547343563793177
beta[24]=3.2046927987537574545
beta[25]=3.1014589323830796808
beta[26]=2.8105807853363011795
beta[27]=2.9485540105770522423
beta[28]=2.6748283952260023533
beta[29]=2.5127018710979971416
beta[30]=2.598379716883294499
beta[31]=2.7611185478166868634
beta[32]=2.4625242769826165556
beta[33]=2.6349111543044934081
beta[34]=3.0023120967884082688
beta[35]=2.9326000736456676599
beta[36]=2.7179804685932245079
