Eigenvalue[0]=-6.6137254109602885421
Eigenvalue[1]=-6.3694603654940831206
Eigenvalue[2]=-5.7653126169543700286
Eigenvalue[3]=-5.5479160575839028269
Eigenvalue[4]=-5.2319562155583350105
Eigenvalue[5]=-5.0591245065284420335
Eigenvalue[6]=-4.9123637402934239304
Eigenvalue[7]=-4.5586647968726081714
Eigenvalue[8]=-4.223290431653224708
Eigenvalue[9]=-3.7793853382468380886
Eigenvalue[10]=-3.3482023416666084614
Eigenvalue[11]=-3.0188839002938236966
Eigenvalue[12]=-2.519114418383856524
Eigenvalue[13]=-2.2989134568435236616
Eigenvalue[14]=-1.6879494173253888345
Eigenvalue[15]=-1.3335844089917554545
Eigenvalue[16]=-0.91025988299350391042
Eigenvalue[17]=-0.23108375611471337896
Eigenvalue[18]=0.023925412486663574091
Eigenvalue[19]=0.41609572784880455298
Eigenvalue[20]=0.93463785451450609454
Eigenvalue[21]=1.3759825767718671941
Eigenvalue[22]=1.5683256615463394557
Eigenvalue[23]=1.9715596458947599601
Eigenvalue[24]=2.5091604543936951721
Eigenvalue[25]=2.8964163339933550745
Eigenvalue[26]=3.1141834068716480743
Eigenvalue[27]=3.2202237260158046439
Eigenvalue[28]=4.1838323896876747909
Eigenvalue[29]=4.214451349663522528
Eigenvalue[30]=5.0304888944727599309
Eigenvalue[31]=5.623858402156153069
Eigenvalue[32]=7.0029096454482537837
alpha[0]=0.46821720618419954141
alpha[1]=2.0056658966985909665
alpha[2]=-0.60477290338052092089
alpha[3]=-0.48382200565342808884
alpha[4]=-0.036819931647433322419
alpha[5]=-0.24016351790530315879
alpha[6]=-0.25823716887059228187
alpha[7]=-0.15882211678417987311
alpha[8]=-0.63305670790398382852
alpha[9]=-0.010144818953583290347
alpha[10]=-1.0931454950945982407
alpha[11]=-0.60166453962587218562
alpha[12]=0.099067569351732540084
alpha[13]=-1.6866392513335839443
alpha[14]=-1.2761454305078998583
alpha[15]=-1.6737966048473198466
alpha[16]=-0.8021428466336864016
alpha[17]=-1.4096540586486909774
alpha[18]=-0.77291642253131331852
alpha[19]=-0.91527139100537791006
alpha[20]=-0.50093726052592890685
alpha[21]=0.19040501620573849206
alpha[22]=-1.6830409331143130203
alpha[23]=-1.6574942244300638894
alpha[24]=-1.6500326508313667428
alpha[25]=0.46995082069902610611
alpha[26]=-1.3698314010222789605
alpha[27]=-1.358959764235933898
alpha[28]=-1.2475831449828751474
alpha[29]=-1.5142140011833287172
alpha[30]=-1.3302668897610259169
alpha[31]=-0.75550798358469595239
alpha[32]=-0.83136262513299707955
beta[0]=0
beta[1]=3.7867282502961470136
beta[2]=3.960947274640597815
beta[3]=3.3516149770189311852
beta[4]=3.1839043532227702116
beta[5]=3.1064750559321150369
beta[6]=3.0783280719095631461
beta[7]=2.612165793250912138
beta[8]=2.9449019128218054675
beta[9]=3.2466388928717049289
beta[10]=3.7174195283934805545
beta[11]=2.7437363670335361832
beta[12]=3.1523135391461614141
beta[13]=3.1165023403839056115
beta[14]=2.1015035660339966839
beta[15]=2.308804513033901884
beta[16]=2.2633474160935125319
beta[17]=2.2959576115473772084
beta[18]=2.3632120802136986626
beta[19]=2.321853950155855717
beta[20]=2.5354333277641125655
beta[21]=3.0447792961095672126
beta[22]=2.0502930853059151417
beta[23]=2.337763326846616696
beta[24]=1.9486078156826636132
beta[25]=2.2430329924698120259
beta[26]=2.2566605612179633233
beta[27]=1.9203384655550173044
beta[28]=1.8667238665430068156
beta[29]=1.7690783904251448089
beta[30]=2.325393491981091465
beta[31]=2.0897179760386181968
beta[32]=1.9077250980050544094
