Eigenvalue[0]=-7.5924896214619943535
Eigenvalue[1]=-7.3196156870839779174
Eigenvalue[2]=-6.9536330608826002475
Eigenvalue[3]=-6.7796651335817523787
Eigenvalue[4]=-6.1526011674274272423
Eigenvalue[5]=-6.0436600682871182144
Eigenvalue[6]=-5.733496086601211239
Eigenvalue[7]=-5.536777048982426841
Eigenvalue[8]=-5.0846183250677565724
Eigenvalue[9]=-4.7118853688771595856
Eigenvalue[10]=-4.3928536209531685586
Eigenvalue[11]=-3.9326963706978541602
Eigenvalue[12]=-3.4961218530824069717
Eigenvalue[13]=-3.0814511145398797431
Eigenvalue[14]=-2.5829504796312523496
Eigenvalue[15]=-2.1231479222336737678
Eigenvalue[16]=-1.5604158139994375176
Eigenvalue[17]=-1.021656334602469185
Eigenvalue[18]=-0.41635459397680918414
Eigenvalue[19]=0.09829756677629994388
Eigenvalue[20]=0.5492750170646375496
Eigenvalue[21]=1.1220190816359825181
Eigenvalue[22]=1.5569334740966476183
Eigenvalue[23]=2.1770119828945699858
Eigenvalue[24]=2.5771836814951396555
Eigenvalue[25]=3.0097727427079568052
Eigenvalue[26]=3.5129845119658789088
Eigenvalue[27]=3.8946286495911861536
Eigenvalue[28]=4.2363641076201075109
Eigenvalue[29]=4.4774168854946170271
Eigenvalue[30]=4.7824964031642087647
Eigenvalue[31]=5.2710603929580077676
Eigenvalue[32]=5.6738558920878299219
Eigenvalue[33]=5.9285871842902242435
Eigenvalue[34]=6.0906743775747402836
Eigenvalue[35]=7.3671776517742548762
Eigenvalue[36]=7.5806950849819445537
Eigenvalue[37]=9.2782706990269208092
alpha[0]=1.5617361319833116262
alpha[1]=1.7312160726006475819
alpha[2]=0.4171755189476587522
alpha[3]=-1.0019634393721215115
alpha[4]=1.6965897961859819354
alpha[5]=1.5897983387667464772
alpha[6]=0.16909630525014068825
alpha[7]=0.41506061017244660905
alpha[8]=-0.39851090131288680052
alpha[9]=0.29578891474544305451
alpha[10]=0.32460511079857773398
alpha[11]=0.70150616821339084606
alpha[12]=-0.23902278427969986252
alpha[13]=-0.22642965921889379732
alpha[14]=-0.57107609763485456256
alpha[15]=-0.47857127119342374177
alpha[16]=-0.090414333184580197855
alpha[17]=-1.0492325739095831327
alpha[18]=-1.5107572048108270923
alpha[19]=-0.73158831984179018004
alpha[20]=-0.44079408865662705885
alpha[21]=-0.53980835084291090009
alpha[22]=-0.15166294422635856476
alpha[23]=-0.87552422281337038967
alpha[24]=-0.9106420325086880263
alpha[25]=0.15846819041414494933
alpha[26]=-0.26291219705385521221
alpha[27]=-0.21473451417753453008
alpha[28]=-0.29153318604791433888
alpha[29]=-0.76757856280763647749
alpha[30]=-0.76441631953159705493
alpha[31]=-0.32435534767711160509
alpha[32]=-0.45097281987122672664
alpha[33]=-0.53639789718072117264
alpha[34]=-0.93405632257387238848
alpha[35]=-0.34793028869604653019
alpha[36]=0.057067073692556903597
alpha[37]=-0.33860683711613454028
beta[0]=0
beta[1]=4.0685148952447791615
beta[2]=4.0754686878026662455
beta[3]=3.3655101090442229861
beta[4]=3.9957348871896689602
beta[5]=5.1342228827302998084
beta[6]=4.5701736273661914822
beta[7]=3.9357714425128391689
beta[8]=3.8347583221963112976
beta[9]=3.5935614758659353285
beta[10]=3.7933756570238568173
beta[11]=4.3351420330208805254
beta[12]=3.8989608545132821149
beta[13]=3.017965305306534507
beta[14]=3.0054596280246683726
beta[15]=3.5343748049535395062
beta[16]=3.6873493557683634236
beta[17]=3.5713499233439014446
beta[18]=3.2547534858127145085
beta[19]=3.1124155275117679764
beta[20]=3.2844376973251296903
beta[21]=3.0435422492331043465
beta[22]=3.6734667366787063791
beta[23]=3.7593873490797169445
beta[24]=2.9680650467857523367
beta[25]=3.2048172553578502253
beta[26]=2.9555026462567215439
beta[27]=2.8649564559524356433
beta[28]=3.0613795163473187522
beta[29]=3.019310985562610572
beta[30]=2.8257831062512526188
beta[31]=2.9115649052622614157
beta[32]=2.751351714178940977
beta[33]=2.6744123768473762048
beta[34]=2.808808420842370257
beta[35]=2.6822718051053970889
beta[36]=2.6824345995285718836
beta[37]=3.0481588757898894215
